add:	3308
3308	1	16
3308	1	16
remove:
3308	1	16
3308	1	16
add:	4050
4050	1	16
4050	2	16
add:	4066
4066	2	16
4050	3	16
add:	3581
3581	3	16
4050	4	16
add:	2577
2577	4	16
4050	5	16
remove:
2577	4	16
4050	5	16
remove:
3581	3	16
4066	5	16
add:	2615
2615	3	16
3581	6	16
add:	4340
4340	4	16
3581	7	16
remove:
4340	4	16
3581	7	16
add:	645
645	4	16
2577	8	16
remove:
645	4	16
2577	8	16
add:	3365
3365	4	16
2615	9	16
add:	1934
1934	5	16
2615	10	16
remove:
1934	5	16
2615	10	16
remove:
3365	4	16
4340	10	16
remove:
2615	3	16
645	10	16
remove:
4066	2	16
3365	10	16
remove:
4050	1	16
1934	10	16
add:	1141
1141	1	16
1141	11	16
remove:
1141	1	16
1141	11	16
add:	1220
1220	1	16
1220	12	16
add:	58
58	2	16
1220	13	16
remove:
58	2	16
1220	13	16
remove:
1220	1	16
58	13	16
No more data to remove!!!
add:	2159
2159	1	16
2159	14	16
add:	2266
2266	2	16
2159	15	16
add:	2705
2705	3	16
2159	16	16
add:	1732
1732	4	16
	36	48
remove:
1732	4	16
	36	48
remove:
2705	3	16
	36	48
remove:
2266	2	16
	36	48
add:	2348
2348	2	16
	37	48
add:	747
747	3	16
	38	48
add:	2892
2892	4	16
	39	48
remove:
2892	4	16
	39	48
add:	4113
4113	4	16
	40	48
remove:
4113	4	16
	40	48
add:	2844
2844	4	16
	41	48
add:	2864
2864	5	16
	42	48
add:	4193
4193	6	16
	43	48
add:	430
430	7	16
	44	48
remove:
430	7	16
	44	48
add:	2065
2065	7	16
	45	48
remove:
2065	7	16
	45	48
remove:
4193	6	16
	45	48
add:	4113
4113	6	16
	46	48
remove:
4113	6	16
	46	48
add:	1525
1525	6	16
	47	48
remove:
1525	6	16
	47	48
add:	4755
4755	6	16
	48	48
remove:
4755	6	16
	48	48
remove:
2864	5	16
	48	48
add:	439
439	5	16
	49	97
remove:
439	5	16
	49	97
remove:
2844	4	16
	49	97
remove:
747	3	16
	49	97
add:	515
515	3	16
	50	97
add:	1377
1377	4	16
	51	97
add:	2336
2336	5	16
	52	97
remove:
2336	5	16
	52	97
add:	4216
4216	5	16
	53	97
remove:
4216	5	16
	53	97
add:	1983
1983	5	16
	54	97
remove:
1983	5	16
	54	97
add:	1346
1346	5	16
	55	97
add:	326
326	6	16
	56	97
add:	524
524	7	16
	57	97
remove:
524	7	16
	57	97
add:	2272
2272	7	16
	58	97
remove:
2272	7	16
	58	97
add:	3606
3606	7	16
	59	97
remove:
3606	7	16
	59	97
add:	69
69	7	16
	60	97
remove:
69	7	16
	60	97
remove:
326	6	16
	60	97
add:	1387
1387	6	16
	61	97
remove:
1387	6	16
	61	97
add:	998
998	6	16
	62	97
remove:
998	6	16
	62	97
remove:
1346	5	16
	62	97
remove:
1377	4	16
	62	97
remove:
515	3	16
	62	97
remove:
2348	2	16
	62	97
add:	2363
2363	2	16
	63	97
add:	2573
2573	3	16
	64	97
remove:
2573	3	16
	64	97
add:	4362
4362	3	16
	65	97
remove:
4362	3	16
	65	97
remove:
2363	2	16
	65	97
remove:
2159	1	16
2159	65	97
No more data to remove!!!
add:	2738
2738	1	16
2266	66	97
remove:
2738	1	16
2266	66	97
No more data to remove!!!
No more data to remove!!!
No more data to remove!!!
add:	3853
3853	1	16
2705	67	97
remaining stack size:	1
3853
remaining queue size:	67
2705
1732
2348
747
2892
4113
2844
2864
4193
430
2065
4113
1525
4755
